# started on Fri Jul  1 01:18:27 2022

     1.000336525,1572747,,unc_m_cas_count_rd_0,2000620794,100.00,,
     1.000336525,1586041,,unc_m_cas_count_rd_1,2000599661,100.00,,
     1.000336525,1574429,,unc_m_cas_count_rd_2,2000583761,100.00,,
     1.000336525,1470925,,unc_m_cas_count_rd_3,2000560893,100.00,,
     1.000336525,1452493,,unc_m_cas_count_rd_4,2000534621,100.00,,
     1.000336525,1478069,,unc_m_cas_count_rd_5,2000511453,100.00,,
     1.000336525,375602,,unc_m_cas_count_wr_0,2000494158,100.00,,
     1.000336525,377666,,unc_m_cas_count_wr_1,2000454224,100.00,,
     1.000336525,376406,,unc_m_cas_count_wr_2,2000412443,100.00,,
     1.000336525,373452,,unc_m_cas_count_wr_3,2000370707,100.00,,
     1.000336525,371804,,unc_m_cas_count_wr_4,2000327714,100.00,,
     1.000336525,372560,,unc_m_cas_count_wr_5,2000281478,100.00,,
     1.000336525,1019595,,l2_lines_out_silent,2000259043,100.00,,
     1.000336525,664403,,l2_lines_out_non_silent,2000254909,100.00,,
     2.000527373,763893,,unc_m_cas_count_rd_0,2000361626,100.00,,
     2.000527373,789297,,unc_m_cas_count_rd_1,2000361073,100.00,,
     2.000527373,729888,,unc_m_cas_count_rd_2,2000355923,100.00,,
     2.000527373,713456,,unc_m_cas_count_rd_3,2000351783,100.00,,
     2.000527373,734327,,unc_m_cas_count_rd_4,2000351059,100.00,,
     2.000527373,747711,,unc_m_cas_count_rd_5,2000349010,100.00,,
     2.000527373,68694,,unc_m_cas_count_wr_0,2000348612,100.00,,
     2.000527373,68558,,unc_m_cas_count_wr_1,2000345888,100.00,,
     2.000527373,67328,,unc_m_cas_count_wr_2,2000345634,100.00,,
     2.000527373,66628,,unc_m_cas_count_wr_3,2000346270,100.00,,
     2.000527373,66826,,unc_m_cas_count_wr_4,2000345294,100.00,,
     2.000527373,67316,,unc_m_cas_count_wr_5,2000345238,100.00,,
     2.000527373,138946,,l2_lines_out_silent,2000344783,100.00,,
     2.000527373,21763,,l2_lines_out_non_silent,2000343146,100.00,,
     3.000683590,736481,,unc_m_cas_count_rd_0,2000302555,100.00,,
     3.000683590,770694,,unc_m_cas_count_rd_1,2000301704,100.00,,
     3.000683590,698795,,unc_m_cas_count_rd_2,2000301389,100.00,,
     3.000683590,683712,,unc_m_cas_count_rd_3,2000301393,100.00,,
     3.000683590,700473,,unc_m_cas_count_rd_4,2000301542,100.00,,
     3.000683590,723129,,unc_m_cas_count_rd_5,2000302443,100.00,,
     3.000683590,66100,,unc_m_cas_count_wr_0,2000301678,100.00,,
     3.000683590,66100,,unc_m_cas_count_wr_1,2000302729,100.00,,
     3.000683590,64840,,unc_m_cas_count_wr_2,2000302378,100.00,,
     3.000683590,63902,,unc_m_cas_count_wr_3,2000302812,100.00,,
     3.000683590,63580,,unc_m_cas_count_wr_4,2000302711,100.00,,
     3.000683590,64272,,unc_m_cas_count_wr_5,2000302533,100.00,,
     3.000683590,328629,,l2_lines_out_silent,2000303977,100.00,,
     3.000683590,54913,,l2_lines_out_non_silent,2000304828,100.00,,
     4.000837472,688371,,unc_m_cas_count_rd_0,2000294286,100.00,,
     4.000837472,720333,,unc_m_cas_count_rd_1,2000292327,100.00,,
     4.000837472,651950,,unc_m_cas_count_rd_2,2000292140,100.00,,
     4.000837472,634979,,unc_m_cas_count_rd_3,2000291160,100.00,,
     4.000837472,658278,,unc_m_cas_count_rd_4,2000291131,100.00,,
     4.000837472,666455,,unc_m_cas_count_rd_5,2000289976,100.00,,
     4.000837472,44940,,unc_m_cas_count_wr_0,2000292232,100.00,,
     4.000837472,45598,,unc_m_cas_count_wr_1,2000291397,100.00,,
     4.000837472,45620,,unc_m_cas_count_wr_2,2000291419,100.00,,
     4.000837472,44570,,unc_m_cas_count_wr_3,2000290016,100.00,,
     4.000837472,44462,,unc_m_cas_count_wr_4,2000289754,100.00,,
     4.000837472,44004,,unc_m_cas_count_wr_5,2000290183,100.00,,
     4.000837472,133755,,l2_lines_out_silent,2000290315,100.00,,
     4.000837472,25954,,l2_lines_out_non_silent,2000289730,100.00,,
     5.000986200,748440,,unc_m_cas_count_rd_0,2000285715,100.00,,
     5.000986200,783640,,unc_m_cas_count_rd_1,2000287201,100.00,,
     5.000986200,709336,,unc_m_cas_count_rd_2,2000287306,100.00,,
     5.000986200,694607,,unc_m_cas_count_rd_3,2000288029,100.00,,
     5.000986200,716030,,unc_m_cas_count_rd_4,2000288113,100.00,,
     5.000986200,728194,,unc_m_cas_count_rd_5,2000287534,100.00,,
     5.000986200,48790,,unc_m_cas_count_wr_0,2000287221,100.00,,
     5.000986200,49472,,unc_m_cas_count_wr_1,2000287472,100.00,,
     5.000986200,49004,,unc_m_cas_count_wr_2,2000287971,100.00,,
     5.000986200,47174,,unc_m_cas_count_wr_3,2000289524,100.00,,
     5.000986200,47048,,unc_m_cas_count_wr_4,2000289361,100.00,,
     5.000986200,47700,,unc_m_cas_count_wr_5,2000289203,100.00,,
     5.000986200,147083,,l2_lines_out_silent,2000288154,100.00,,
     5.000986200,26506,,l2_lines_out_non_silent,2000289226,100.00,,
     6.001145161,631543,,unc_m_cas_count_rd_0,2000305623,100.00,,
     6.001145161,671318,,unc_m_cas_count_rd_1,2000305072,100.00,,
     6.001145161,597019,,unc_m_cas_count_rd_2,2000304340,100.00,,
     6.001145161,583070,,unc_m_cas_count_rd_3,2000303941,100.00,,
     6.001145161,604196,,unc_m_cas_count_rd_4,2000303284,100.00,,
     6.001145161,620662,,unc_m_cas_count_rd_5,2000303150,100.00,,
     6.001145161,32608,,unc_m_cas_count_wr_0,2000303064,100.00,,
     6.001145161,32868,,unc_m_cas_count_wr_1,2000302615,100.00,,
     6.001145161,33380,,unc_m_cas_count_wr_2,2000302606,100.00,,
     6.001145161,32256,,unc_m_cas_count_wr_3,2000301996,100.00,,
     6.001145161,31522,,unc_m_cas_count_wr_4,2000301984,100.00,,
     6.001145161,32080,,unc_m_cas_count_wr_5,2000301434,100.00,,
     6.001145161,153214,,l2_lines_out_silent,2000301791,100.00,,
     6.001145161,25595,,l2_lines_out_non_silent,2000300858,100.00,,
     7.001294269,720303,,unc_m_cas_count_rd_0,2000301186,100.00,,
     7.001294269,756242,,unc_m_cas_count_rd_1,2000370577,100.00,,
     7.001294269,701623,,unc_m_cas_count_rd_2,2000440472,100.00,,
     7.001294269,687652,,unc_m_cas_count_rd_3,2000512324,100.00,,
     7.001294269,695758,,unc_m_cas_count_rd_4,2000577954,100.00,,
     7.001294269,701519,,unc_m_cas_count_rd_5,2000637249,100.00,,
     7.001294269,43168,,unc_m_cas_count_wr_0,2000709053,100.00,,
     7.001294269,43742,,unc_m_cas_count_wr_1,2000784577,100.00,,
     7.001294269,43200,,unc_m_cas_count_wr_2,2000853270,100.00,,
     7.001294269,40836,,unc_m_cas_count_wr_3,2000927053,100.00,,
     7.001294269,40058,,unc_m_cas_count_wr_4,2001000550,100.00,,
     7.001294269,40590,,unc_m_cas_count_wr_5,2001070628,100.00,,
     7.001294269,140962,,l2_lines_out_silent,2001131806,100.00,,
     7.001294269,26647,,l2_lines_out_non_silent,2001133463,100.00,,
     8.001871068,720920,,unc_m_cas_count_rd_0,2001127107,100.00,,
     8.001871068,753771,,unc_m_cas_count_rd_1,2001057268,100.00,,
     8.001871068,698450,,unc_m_cas_count_rd_2,2000987629,100.00,,
     8.001871068,682314,,unc_m_cas_count_rd_3,2000916317,100.00,,
     8.001871068,693456,,unc_m_cas_count_rd_4,2000851287,100.00,,
     8.001871068,701600,,unc_m_cas_count_rd_5,2000792404,100.00,,
     8.001871068,51620,,unc_m_cas_count_wr_0,2000718461,100.00,,
     8.001871068,51506,,unc_m_cas_count_wr_1,2000643705,100.00,,
     8.001871068,52060,,unc_m_cas_count_wr_2,2000574736,100.00,,
     8.001871068,48022,,unc_m_cas_count_wr_3,2000499917,100.00,,
     8.001871068,47960,,unc_m_cas_count_wr_4,2000428015,100.00,,
     8.001871068,48334,,unc_m_cas_count_wr_5,2000358463,100.00,,
     8.001871068,156994,,l2_lines_out_silent,2000297740,100.00,,
     8.001871068,27781,,l2_lines_out_non_silent,2000295157,100.00,,
     9.002028283,649366,,unc_m_cas_count_rd_0,2000301314,100.00,,
     9.002028283,690645,,unc_m_cas_count_rd_1,2000302313,100.00,,
     9.002028283,630577,,unc_m_cas_count_rd_2,2000302677,100.00,,
     9.002028283,621082,,unc_m_cas_count_rd_3,2000302737,100.00,,
     9.002028283,631632,,unc_m_cas_count_rd_4,2000302825,100.00,,
     9.002028283,644151,,unc_m_cas_count_rd_5,2000304044,100.00,,
     9.002028283,43858,,unc_m_cas_count_wr_0,2000304227,100.00,,
     9.002028283,44376,,unc_m_cas_count_wr_1,2000304085,100.00,,
     9.002028283,44006,,unc_m_cas_count_wr_2,2000304442,100.00,,
     9.002028283,41444,,unc_m_cas_count_wr_3,2000304560,100.00,,
     9.002028283,41480,,unc_m_cas_count_wr_4,2000303025,100.00,,
     9.002028283,41222,,unc_m_cas_count_wr_5,2000302370,100.00,,
     9.002028283,121617,,l2_lines_out_silent,2000301813,100.00,,
     9.002028283,27173,,l2_lines_out_non_silent,2000302344,100.00,,
    10.002188534,717852,,unc_m_cas_count_rd_0,2000311202,100.00,,
    10.002188534,755527,,unc_m_cas_count_rd_1,2000309988,100.00,,
    10.002188534,701274,,unc_m_cas_count_rd_2,2000309180,100.00,,
    10.002188534,687204,,unc_m_cas_count_rd_3,2000309452,100.00,,
    10.002188534,692386,,unc_m_cas_count_rd_4,2000309008,100.00,,
    10.002188534,703750,,unc_m_cas_count_rd_5,2000307701,100.00,,
    10.002188534,44494,,unc_m_cas_count_wr_0,2000308479,100.00,,
    10.002188534,44870,,unc_m_cas_count_wr_1,2000308017,100.00,,
    10.002188534,44490,,unc_m_cas_count_wr_2,2000307821,100.00,,
    10.002188534,42384,,unc_m_cas_count_wr_3,2000308693,100.00,,
    10.002188534,41850,,unc_m_cas_count_wr_4,2000308572,100.00,,
    10.002188534,41802,,unc_m_cas_count_wr_5,2000309942,100.00,,
    10.002188534,122621,,l2_lines_out_silent,2000309474,100.00,,
    10.002188534,25525,,l2_lines_out_non_silent,2000311183,100.00,,
    10.294031894,297553,,unc_m_cas_count_rd_0,583692918,100.00,,
    10.294031894,306508,,unc_m_cas_count_rd_1,583750768,100.00,,
    10.294031894,290931,,unc_m_cas_count_rd_2,583809007,100.00,,
    10.294031894,285189,,unc_m_cas_count_rd_3,583883793,100.00,,
    10.294031894,288050,,unc_m_cas_count_rd_4,583959808,100.00,,
    10.294031894,289143,,unc_m_cas_count_rd_5,584037927,100.00,,
    10.294031894,40152,,unc_m_cas_count_wr_0,584116145,100.00,,
    10.294031894,39898,,unc_m_cas_count_wr_1,584191829,100.00,,
    10.294031894,40088,,unc_m_cas_count_wr_2,584269975,100.00,,
    10.294031894,38862,,unc_m_cas_count_wr_3,584346817,100.00,,
    10.294031894,38604,,unc_m_cas_count_wr_4,584423820,100.00,,
    10.294031894,38738,,unc_m_cas_count_wr_5,584501479,100.00,,
    10.294031894,240497,,l2_lines_out_silent,584559353,100.00,,
    10.294031894,146862,,l2_lines_out_non_silent,584558124,100.00,,
