# started on Fri Jul  1 01:18:47 2022

     1.000345533,1521686,,unc_m_cas_count_rd_0,2000644345,100.00,,
     1.000345533,1540370,,unc_m_cas_count_rd_1,2000626376,100.00,,
     1.000345533,1511264,,unc_m_cas_count_rd_2,2000614110,100.00,,
     1.000345533,1412449,,unc_m_cas_count_rd_3,2000595681,100.00,,
     1.000345533,1390175,,unc_m_cas_count_rd_4,2000576204,100.00,,
     1.000345533,1415275,,unc_m_cas_count_rd_5,2000558670,100.00,,
     1.000345533,370312,,unc_m_cas_count_wr_0,2000545430,100.00,,
     1.000345533,372509,,unc_m_cas_count_wr_1,2000508557,100.00,,
     1.000345533,370080,,unc_m_cas_count_wr_2,2000472249,100.00,,
     1.000345533,366163,,unc_m_cas_count_wr_3,2000434698,100.00,,
     1.000345533,365344,,unc_m_cas_count_wr_4,2000397465,100.00,,
     1.000345533,366497,,unc_m_cas_count_wr_5,2000357213,100.00,,
     1.000345533,1054997,,l2_lines_out_silent,2000337482,100.00,,
     1.000345533,643257,,l2_lines_out_non_silent,2000331363,100.00,,
     2.000574316,675131,,unc_m_cas_count_rd_0,2000438833,100.00,,
     2.000574316,727145,,unc_m_cas_count_rd_1,2000438735,100.00,,
     2.000574316,664282,,unc_m_cas_count_rd_2,2000432780,100.00,,
     2.000574316,660539,,unc_m_cas_count_rd_3,2000429747,100.00,,
     2.000574316,650132,,unc_m_cas_count_rd_4,2000430710,100.00,,
     2.000574316,682853,,unc_m_cas_count_rd_5,2000428306,100.00,,
     2.000574316,74726,,unc_m_cas_count_wr_0,2000428074,100.00,,
     2.000574316,75022,,unc_m_cas_count_wr_1,2000426736,100.00,,
     2.000574316,74438,,unc_m_cas_count_wr_2,2000427174,100.00,,
     2.000574316,73768,,unc_m_cas_count_wr_3,2000427678,100.00,,
     2.000574316,73570,,unc_m_cas_count_wr_4,2000425128,100.00,,
     2.000574316,74088,,unc_m_cas_count_wr_5,2000424987,100.00,,
     2.000574316,127988,,l2_lines_out_silent,2000424936,100.00,,
     2.000574316,21931,,l2_lines_out_non_silent,2000425474,100.00,,
     3.000768086,777453,,unc_m_cas_count_rd_0,2000375746,100.00,,
     3.000768086,825163,,unc_m_cas_count_rd_1,2000376761,100.00,,
     3.000768086,755805,,unc_m_cas_count_rd_2,2000376078,100.00,,
     3.000768086,752995,,unc_m_cas_count_rd_3,2000376360,100.00,,
     3.000768086,744880,,unc_m_cas_count_rd_4,2000373929,100.00,,
     3.000768086,765708,,unc_m_cas_count_rd_5,2000373532,100.00,,
     3.000768086,91676,,unc_m_cas_count_wr_0,2000371815,100.00,,
     3.000768086,92442,,unc_m_cas_count_wr_1,2000373150,100.00,,
     3.000768086,91320,,unc_m_cas_count_wr_2,2000371833,100.00,,
     3.000768086,87900,,unc_m_cas_count_wr_3,2000371343,100.00,,
     3.000768086,88760,,unc_m_cas_count_wr_4,2000372099,100.00,,
     3.000768086,88824,,unc_m_cas_count_wr_5,2000371179,100.00,,
     3.000768086,135426,,l2_lines_out_silent,2000371454,100.00,,
     3.000768086,26866,,l2_lines_out_non_silent,2000371289,100.00,,
     4.000964442,642041,,unc_m_cas_count_rd_0,2000382141,100.00,,
     4.000964442,693198,,unc_m_cas_count_rd_1,2000381650,100.00,,
     4.000964442,615177,,unc_m_cas_count_rd_2,2000381204,100.00,,
     4.000964442,614319,,unc_m_cas_count_rd_3,2000381025,100.00,,
     4.000964442,609938,,unc_m_cas_count_rd_4,2000380746,100.00,,
     4.000964442,648645,,unc_m_cas_count_rd_5,2000381132,100.00,,
     4.000964442,65990,,unc_m_cas_count_wr_0,2000380849,100.00,,
     4.000964442,65960,,unc_m_cas_count_wr_1,2000380391,100.00,,
     4.000964442,65532,,unc_m_cas_count_wr_2,2000380937,100.00,,
     4.000964442,63002,,unc_m_cas_count_wr_3,2000381162,100.00,,
     4.000964442,62350,,unc_m_cas_count_wr_4,2000380319,100.00,,
     4.000964442,62594,,unc_m_cas_count_wr_5,2000380197,100.00,,
     4.000964442,123746,,l2_lines_out_silent,2000380407,100.00,,
     4.000964442,29974,,l2_lines_out_non_silent,2000379724,100.00,,
     5.001160923,724687,,unc_m_cas_count_rd_0,2000380796,100.00,,
     5.001160923,776110,,unc_m_cas_count_rd_1,2000380518,100.00,,
     5.001160923,697074,,unc_m_cas_count_rd_2,2000380770,100.00,,
     5.001160923,695000,,unc_m_cas_count_rd_3,2000380868,100.00,,
     5.001160923,689254,,unc_m_cas_count_rd_4,2000381286,100.00,,
     5.001160923,720803,,unc_m_cas_count_rd_5,2000380933,100.00,,
     5.001160923,73942,,unc_m_cas_count_wr_0,2000380700,100.00,,
     5.001160923,73972,,unc_m_cas_count_wr_1,2000381489,100.00,,
     5.001160923,73504,,unc_m_cas_count_wr_2,2000381164,100.00,,
     5.001160923,70030,,unc_m_cas_count_wr_3,2000381035,100.00,,
     5.001160923,70142,,unc_m_cas_count_wr_4,2000381224,100.00,,
     5.001160923,70770,,unc_m_cas_count_wr_5,2000381171,100.00,,
     5.001160923,107246,,l2_lines_out_silent,2000381227,100.00,,
     5.001160923,25643,,l2_lines_out_non_silent,2000381252,100.00,,
     6.001363086,763368,,unc_m_cas_count_rd_0,2000393257,100.00,,
     6.001363086,814402,,unc_m_cas_count_rd_1,2000394675,100.00,,
     6.001363086,733197,,unc_m_cas_count_rd_2,2000393988,100.00,,
     6.001363086,735918,,unc_m_cas_count_rd_3,2000396112,100.00,,
     6.001363086,725968,,unc_m_cas_count_rd_4,2000396114,100.00,,
     6.001363086,754419,,unc_m_cas_count_rd_5,2000396776,100.00,,
     6.001363086,77724,,unc_m_cas_count_wr_0,2000396767,100.00,,
     6.001363086,78212,,unc_m_cas_count_wr_1,2000396751,100.00,,
     6.001363086,77928,,unc_m_cas_count_wr_2,2000396358,100.00,,
     6.001363086,75777,,unc_m_cas_count_wr_3,2000396362,100.00,,
     6.001363086,75334,,unc_m_cas_count_wr_4,2000397065,100.00,,
     6.001363086,75400,,unc_m_cas_count_wr_5,2000397384,100.00,,
     6.001363086,149517,,l2_lines_out_silent,2000396719,100.00,,
     6.001363086,29273,,l2_lines_out_non_silent,2000397524,100.00,,
     7.001556233,642055,,unc_m_cas_count_rd_0,2000372258,100.00,,
     7.001556233,695141,,unc_m_cas_count_rd_1,2000369988,100.00,,
     7.001556233,623114,,unc_m_cas_count_rd_2,2000371835,100.00,,
     7.001556233,616339,,unc_m_cas_count_rd_3,2000369141,100.00,,
     7.001556233,615666,,unc_m_cas_count_rd_4,2000368624,100.00,,
     7.001556233,638062,,unc_m_cas_count_rd_5,2000367695,100.00,,
     7.001556233,61248,,unc_m_cas_count_wr_0,2000368089,100.00,,
     7.001556233,60554,,unc_m_cas_count_wr_1,2000367778,100.00,,
     7.001556233,60133,,unc_m_cas_count_wr_2,2000367792,100.00,,
     7.001556233,57931,,unc_m_cas_count_wr_3,2000369494,100.00,,
     7.001556233,58118,,unc_m_cas_count_wr_4,2000368786,100.00,,
     7.001556233,57838,,unc_m_cas_count_wr_5,2000368809,100.00,,
     7.001556233,120039,,l2_lines_out_silent,2000368438,100.00,,
     7.001556233,25432,,l2_lines_out_non_silent,2000368400,100.00,,
     8.001707600,766556,,unc_m_cas_count_rd_0,2000292311,100.00,,
     8.001707600,808427,,unc_m_cas_count_rd_1,2000292021,100.00,,
     8.001707600,754790,,unc_m_cas_count_rd_2,2000290855,100.00,,
     8.001707600,747354,,unc_m_cas_count_rd_3,2000291579,100.00,,
     8.001707600,738124,,unc_m_cas_count_rd_4,2000292689,100.00,,
     8.001707600,761769,,unc_m_cas_count_rd_5,2000293413,100.00,,
     8.001707600,91466,,unc_m_cas_count_wr_0,2000294733,100.00,,
     8.001707600,92540,,unc_m_cas_count_wr_1,2000293454,100.00,,
     8.001707600,91733,,unc_m_cas_count_wr_2,2000296419,100.00,,
     8.001707600,88600,,unc_m_cas_count_wr_3,2000294591,100.00,,
     8.001707600,89194,,unc_m_cas_count_wr_4,2000296282,100.00,,
     8.001707600,89244,,unc_m_cas_count_wr_5,2000296980,100.00,,
     8.001707600,160206,,l2_lines_out_silent,2000297378,100.00,,
     8.001707600,27831,,l2_lines_out_non_silent,2000297083,100.00,,
     9.001906401,709378,,unc_m_cas_count_rd_0,2000385461,100.00,,
     9.001906401,739867,,unc_m_cas_count_rd_1,2000387502,100.00,,
     9.001906401,677547,,unc_m_cas_count_rd_2,2000387471,100.00,,
     9.001906401,670935,,unc_m_cas_count_rd_3,2000388229,100.00,,
     9.001906401,681344,,unc_m_cas_count_rd_4,2000387392,100.00,,
     9.001906401,693937,,unc_m_cas_count_rd_5,2000387975,100.00,,
     9.001906401,76194,,unc_m_cas_count_wr_0,2000386389,100.00,,
     9.001906401,75576,,unc_m_cas_count_wr_1,2000388108,100.00,,
     9.001906401,75270,,unc_m_cas_count_wr_2,2000385303,100.00,,
     9.001906401,74253,,unc_m_cas_count_wr_3,2000385227,100.00,,
     9.001906401,74020,,unc_m_cas_count_wr_4,2000383672,100.00,,
     9.001906401,74666,,unc_m_cas_count_wr_5,2000382961,100.00,,
     9.001906401,107401,,l2_lines_out_silent,2000383215,100.00,,
     9.001906401,24850,,l2_lines_out_non_silent,2000382868,100.00,,
    10.002110351,642370,,unc_m_cas_count_rd_0,2000395472,100.00,,
    10.002110351,666150,,unc_m_cas_count_rd_1,2000395302,100.00,,
    10.002110351,597986,,unc_m_cas_count_rd_2,2000394843,100.00,,
    10.002110351,588751,,unc_m_cas_count_rd_3,2000394727,100.00,,
    10.002110351,607422,,unc_m_cas_count_rd_4,2000395193,100.00,,
    10.002110351,618016,,unc_m_cas_count_rd_5,2000396682,100.00,,
    10.002110351,61766,,unc_m_cas_count_wr_0,2000396567,100.00,,
    10.002110351,61504,,unc_m_cas_count_wr_1,2000396350,100.00,,
    10.002110351,61624,,unc_m_cas_count_wr_2,2000396928,100.00,,
    10.002110351,60267,,unc_m_cas_count_wr_3,2000397627,100.00,,
    10.002110351,59284,,unc_m_cas_count_wr_4,2000397884,100.00,,
    10.002110351,60106,,unc_m_cas_count_wr_5,2000397925,100.00,,
    10.002110351,103638,,l2_lines_out_silent,2000396866,100.00,,
    10.002110351,26275,,l2_lines_out_non_silent,2000396627,100.00,,
    10.286539217,263136,,unc_m_cas_count_rd_0,568852129,100.00,,
    10.286539217,270246,,unc_m_cas_count_rd_1,568849001,100.00,,
    10.286539217,247447,,unc_m_cas_count_rd_2,568848756,100.00,,
    10.286539217,244561,,unc_m_cas_count_rd_3,568848322,100.00,,
    10.286539217,252352,,unc_m_cas_count_rd_4,568847492,100.00,,
    10.286539217,254773,,unc_m_cas_count_rd_5,568844492,100.00,,
    10.286539217,47918,,unc_m_cas_count_wr_0,568844086,100.00,,
    10.286539217,48036,,unc_m_cas_count_wr_1,568841824,100.00,,
    10.286539217,47772,,unc_m_cas_count_wr_2,568841629,100.00,,
    10.286539217,46684,,unc_m_cas_count_wr_3,568840523,100.00,,
    10.286539217,47082,,unc_m_cas_count_wr_4,568839662,100.00,,
    10.286539217,46617,,unc_m_cas_count_wr_5,568839222,100.00,,
    10.286539217,261301,,l2_lines_out_silent,568840325,100.00,,
    10.286539217,147976,,l2_lines_out_non_silent,568840411,100.00,,
