# started on Fri Jul  1 01:18:08 2022

     1.000345394,1564837,,unc_m_cas_count_rd_0,2000641955,100.00,,
     1.000345394,1573227,,unc_m_cas_count_rd_1,2000625296,100.00,,
     1.000345394,1556398,,unc_m_cas_count_rd_2,2000613689,100.00,,
     1.000345394,1453038,,unc_m_cas_count_rd_3,2000597389,100.00,,
     1.000345394,1437970,,unc_m_cas_count_rd_4,2000577475,100.00,,
     1.000345394,1452838,,unc_m_cas_count_rd_5,2000559117,100.00,,
     1.000345394,336477,,unc_m_cas_count_wr_0,2000545246,100.00,,
     1.000345394,337118,,unc_m_cas_count_wr_1,2000508596,100.00,,
     1.000345394,335873,,unc_m_cas_count_wr_2,2000470720,100.00,,
     1.000345394,332387,,unc_m_cas_count_wr_3,2000433990,100.00,,
     1.000345394,332063,,unc_m_cas_count_wr_4,2000397471,100.00,,
     1.000345394,332031,,unc_m_cas_count_wr_5,2000358360,100.00,,
     1.000345394,1112167,,l2_lines_out_silent,2000337411,100.00,,
     1.000345394,632698,,l2_lines_out_non_silent,2000331739,100.00,,
     2.000581751,654565,,unc_m_cas_count_rd_0,2000454463,100.00,,
     2.000581751,687992,,unc_m_cas_count_rd_1,2000451057,100.00,,
     2.000581751,623876,,unc_m_cas_count_rd_2,2000444013,100.00,,
     2.000581751,616254,,unc_m_cas_count_rd_3,2000439713,100.00,,
     2.000581751,619568,,unc_m_cas_count_rd_4,2000439271,100.00,,
     2.000581751,628098,,unc_m_cas_count_rd_5,2000435250,100.00,,
     2.000581751,22628,,unc_m_cas_count_wr_0,2000433861,100.00,,
     2.000581751,22742,,unc_m_cas_count_wr_1,2000431226,100.00,,
     2.000581751,22718,,unc_m_cas_count_wr_2,2000430690,100.00,,
     2.000581751,20626,,unc_m_cas_count_wr_3,2000429752,100.00,,
     2.000581751,20246,,unc_m_cas_count_wr_4,2000427270,100.00,,
     2.000581751,20840,,unc_m_cas_count_wr_5,2000425830,100.00,,
     2.000581751,188178,,l2_lines_out_silent,2000425887,100.00,,
     2.000581751,2950,,l2_lines_out_non_silent,2000424878,100.00,,
     3.000768729,731835,,unc_m_cas_count_rd_0,2000359921,100.00,,
     3.000768729,766466,,unc_m_cas_count_rd_1,2000359224,100.00,,
     3.000768729,704000,,unc_m_cas_count_rd_2,2000358966,100.00,,
     3.000768729,701476,,unc_m_cas_count_rd_3,2000358275,100.00,,
     3.000768729,708190,,unc_m_cas_count_rd_4,2000357646,100.00,,
     3.000768729,706760,,unc_m_cas_count_rd_5,2000358854,100.00,,
     3.000768729,28180,,unc_m_cas_count_wr_0,2000358856,100.00,,
     3.000768729,27572,,unc_m_cas_count_wr_1,2000358983,100.00,,
     3.000768729,27646,,unc_m_cas_count_wr_2,2000358697,100.00,,
     3.000768729,26902,,unc_m_cas_count_wr_3,2000357634,100.00,,
     3.000768729,26586,,unc_m_cas_count_wr_4,2000357090,100.00,,
     3.000768729,26590,,unc_m_cas_count_wr_5,2000356978,100.00,,
     3.000768729,166263,,l2_lines_out_silent,2000356295,100.00,,
     3.000768729,2020,,l2_lines_out_non_silent,2000357029,100.00,,
     4.000910425,705212,,unc_m_cas_count_rd_0,2000271490,100.00,,
     4.000910425,746672,,unc_m_cas_count_rd_1,2000271542,100.00,,
     4.000910425,681648,,unc_m_cas_count_rd_2,2000271296,100.00,,
     4.000910425,679083,,unc_m_cas_count_rd_3,2000271138,100.00,,
     4.000910425,681570,,unc_m_cas_count_rd_4,2000271034,100.00,,
     4.000910425,689058,,unc_m_cas_count_rd_5,2000269915,100.00,,
     4.000910425,25900,,unc_m_cas_count_wr_0,2000269946,100.00,,
     4.000910425,26376,,unc_m_cas_count_wr_1,2000270020,100.00,,
     4.000910425,25878,,unc_m_cas_count_wr_2,2000270565,100.00,,
     4.000910425,25048,,unc_m_cas_count_wr_3,2000270405,100.00,,
     4.000910425,24940,,unc_m_cas_count_wr_4,2000270754,100.00,,
     4.000910425,25262,,unc_m_cas_count_wr_5,2000271121,100.00,,
     4.000910425,178710,,l2_lines_out_silent,2000270929,100.00,,
     4.000910425,1419,,l2_lines_out_non_silent,2000271336,100.00,,
     5.001091921,620376,,unc_m_cas_count_rd_0,2000352347,100.00,,
     5.001091921,659844,,unc_m_cas_count_rd_1,2000352185,100.00,,
     5.001091921,595228,,unc_m_cas_count_rd_2,2000352562,100.00,,
     5.001091921,588237,,unc_m_cas_count_rd_3,2000352091,100.00,,
     5.001091921,598010,,unc_m_cas_count_rd_4,2000351972,100.00,,
     5.001091921,608268,,unc_m_cas_count_rd_5,2000351713,100.00,,
     5.001091921,11516,,unc_m_cas_count_wr_0,2000351399,100.00,,
     5.001091921,11546,,unc_m_cas_count_wr_1,2000350925,100.00,,
     5.001091921,11372,,unc_m_cas_count_wr_2,2000350364,100.00,,
     5.001091921,11242,,unc_m_cas_count_wr_3,2000350431,100.00,,
     5.001091921,11204,,unc_m_cas_count_wr_4,2000350112,100.00,,
     5.001091921,11386,,unc_m_cas_count_wr_5,2000349609,100.00,,
     5.001091921,151967,,l2_lines_out_silent,2000349883,100.00,,
     5.001091921,1035,,l2_lines_out_non_silent,2000348604,100.00,,
     6.001277351,758086,,unc_m_cas_count_rd_0,2000374672,100.00,,
     6.001277351,790186,,unc_m_cas_count_rd_1,2000441576,100.00,,
     6.001277351,730567,,unc_m_cas_count_rd_2,2000510652,100.00,,
     6.001277351,718505,,unc_m_cas_count_rd_3,2000570880,100.00,,
     6.001277351,731568,,unc_m_cas_count_rd_4,2000579450,100.00,,
     6.001277351,736518,,unc_m_cas_count_rd_5,2000580477,100.00,,
     6.001277351,23720,,unc_m_cas_count_wr_0,2000580756,100.00,,
     6.001277351,23748,,unc_m_cas_count_wr_1,2000581229,100.00,,
     6.001277351,23792,,unc_m_cas_count_wr_2,2000581730,100.00,,
     6.001277351,23304,,unc_m_cas_count_wr_3,2000581729,100.00,,
     6.001277351,23173,,unc_m_cas_count_wr_4,2000581800,100.00,,
     6.001277351,22720,,unc_m_cas_count_wr_5,2000599043,100.00,,
     6.001277351,152893,,l2_lines_out_silent,2000657453,100.00,,
     6.001277351,1019,,l2_lines_out_non_silent,2000657208,100.00,,
     7.001607682,727992,,unc_m_cas_count_rd_0,2000631398,100.00,,
     7.001607682,752004,,unc_m_cas_count_rd_1,2000564695,100.00,,
     7.001607682,689547,,unc_m_cas_count_rd_2,2000494879,100.00,,
     7.001607682,672096,,unc_m_cas_count_rd_3,2000436712,100.00,,
     7.001607682,698292,,unc_m_cas_count_rd_4,2000428131,100.00,,
     7.001607682,696222,,unc_m_cas_count_rd_5,2000427572,100.00,,
     7.001607682,24242,,unc_m_cas_count_wr_0,2000427274,100.00,,
     7.001607682,24952,,unc_m_cas_count_wr_1,2000426944,100.00,,
     7.001607682,24300,,unc_m_cas_count_wr_2,2000427702,100.00,,
     7.001607682,23268,,unc_m_cas_count_wr_3,2000427747,100.00,,
     7.001607682,23145,,unc_m_cas_count_wr_4,2000427802,100.00,,
     7.001607682,23486,,unc_m_cas_count_wr_5,2000410688,100.00,,
     7.001607682,212893,,l2_lines_out_silent,2000351997,100.00,,
     7.001607682,6349,,l2_lines_out_non_silent,2000354146,100.00,,
     8.001789800,601204,,unc_m_cas_count_rd_0,2000351651,100.00,,
     8.001789800,634332,,unc_m_cas_count_rd_1,2000351173,100.00,,
     8.001789800,568534,,unc_m_cas_count_rd_2,2000351171,100.00,,
     8.001789800,557540,,unc_m_cas_count_rd_3,2000349839,100.00,,
     8.001789800,579973,,unc_m_cas_count_rd_4,2000349588,100.00,,
     8.001789800,593474,,unc_m_cas_count_rd_5,2000349350,100.00,,
     8.001789800,11008,,unc_m_cas_count_wr_0,2000349777,100.00,,
     8.001789800,10934,,unc_m_cas_count_wr_1,2000349717,100.00,,
     8.001789800,10852,,unc_m_cas_count_wr_2,2000349408,100.00,,
     8.001789800,10726,,unc_m_cas_count_wr_3,2000349200,100.00,,
     8.001789800,10660,,unc_m_cas_count_wr_4,2000349194,100.00,,
     8.001789800,10726,,unc_m_cas_count_wr_5,2000348849,100.00,,
     8.001789800,136208,,l2_lines_out_silent,2000348838,100.00,,
     8.001789800,1359,,l2_lines_out_non_silent,2000346933,100.00,,
     9.001971861,754507,,unc_m_cas_count_rd_0,2000365486,100.00,,
     9.001971861,787831,,unc_m_cas_count_rd_1,2000429929,100.00,,
     9.001971861,724847,,unc_m_cas_count_rd_2,2000507017,100.00,,
     9.001971861,704922,,unc_m_cas_count_rd_3,2000577335,100.00,,
     9.001971861,728152,,unc_m_cas_count_rd_4,2000654192,100.00,,
     9.001971861,724260,,unc_m_cas_count_rd_5,2000721026,100.00,,
     9.001971861,23564,,unc_m_cas_count_wr_0,2000780801,100.00,,
     9.001971861,23370,,unc_m_cas_count_wr_1,2000856064,100.00,,
     9.001971861,23298,,unc_m_cas_count_wr_2,2000930638,100.00,,
     9.001971861,21457,,unc_m_cas_count_wr_3,2001011184,100.00,,
     9.001971861,21798,,unc_m_cas_count_wr_4,2001090812,100.00,,
     9.001971861,21698,,unc_m_cas_count_wr_5,2001166453,100.00,,
     9.001971861,190903,,l2_lines_out_silent,2001217781,100.00,,
     9.001971861,1493,,l2_lines_out_non_silent,2001217813,100.00,,
    10.002586763,654487,,unc_m_cas_count_rd_0,2001204947,100.00,,
    10.002586763,689509,,unc_m_cas_count_rd_1,2001141169,100.00,,
    10.002586763,628347,,unc_m_cas_count_rd_2,2001064033,100.00,,
    10.002586763,611895,,unc_m_cas_count_rd_3,2000992829,100.00,,
    10.002586763,639537,,unc_m_cas_count_rd_4,2000916296,100.00,,
    10.002586763,636567,,unc_m_cas_count_rd_5,2000849419,100.00,,
    10.002586763,16005,,unc_m_cas_count_wr_0,2000789109,100.00,,
    10.002586763,16038,,unc_m_cas_count_wr_1,2000713808,100.00,,
    10.002586763,16065,,unc_m_cas_count_wr_2,2000638507,100.00,,
    10.002586763,15686,,unc_m_cas_count_wr_3,2000558116,100.00,,
    10.002586763,15337,,unc_m_cas_count_wr_4,2000478380,100.00,,
    10.002586763,15690,,unc_m_cas_count_wr_5,2000402761,100.00,,
    10.002586763,133458,,l2_lines_out_silent,2000351737,100.00,,
    10.002586763,1113,,l2_lines_out_non_silent,2000351590,100.00,,
    10.250010621,229696,,unc_m_cas_count_rd_0,494846854,100.00,,
    10.250010621,235586,,unc_m_cas_count_rd_1,494846337,100.00,,
    10.250010621,219932,,unc_m_cas_count_rd_2,494846624,100.00,,
    10.250010621,214979,,unc_m_cas_count_rd_3,494846690,100.00,,
    10.250010621,221712,,unc_m_cas_count_rd_4,494846189,100.00,,
    10.250010621,223263,,unc_m_cas_count_rd_5,494846051,100.00,,
    10.250010621,24741,,unc_m_cas_count_wr_0,494846106,100.00,,
    10.250010621,24986,,unc_m_cas_count_wr_1,494846350,100.00,,
    10.250010621,24489,,unc_m_cas_count_wr_2,494846305,100.00,,
    10.250010621,24211,,unc_m_cas_count_wr_3,494846492,100.00,,
    10.250010621,24163,,unc_m_cas_count_wr_4,494846841,100.00,,
    10.250010621,24080,,unc_m_cas_count_wr_5,494846940,100.00,,
    10.250010621,273804,,l2_lines_out_silent,494846874,100.00,,
    10.250010621,125907,,l2_lines_out_non_silent,494848198,100.00,,
